id	type	x	y	z	theta	gyokaku	range	spotAngle	intensity	color
1	spot	-74.44736842105262	103.5	75.4	0	0	200	60	1.7	0.9021812194378351,0.911712978577326,0.744860915918802,1
2	spot	0	103.5	167.1	0	0	200	90	1.7	0.9021812194378351,0.911712978577326,0.744860915918802,1
3	spot	41.673684210526304	103.5	101.8	0	0	200	60	1.7	0.9021812194378351,0.911712978577326,0.744860915918802,1
3	spot	-64.88026315789473	103.5	186.978947368421	40	270	200	25	2.0	0.9021812194378351,0.911712978577326,0.744860915918802,1
4	spot	-18.293421052631572	103.5	186.978947368421	40	270	200	25	2.0	0.9021812194378351,0.911712978577326,0.744860915918802,1
5	spot	28.293421052631587	103.5	186.978947368421	40	270	200	25	2.0	0.9021812194378351,0.911712978577326,0.744860915918802,1
6	spot	48.173684210526304	103.5	192.4628778947368	40	0	200	25	2.0	0.9021812194378351,0.911712978577326,0.744860915918802,1
7	spot	48.173684210526304	103.5	57.64238526315788	40	0	200	25	2.0	0.9021812194378351,0.911712978577326,0.744860915918802,1
8	spot	-24.086842105263152	103.5	122.56408421052629	60	180	200	40	3.6	0.9021812194378351,0.911712978577326,0.744860915918802,1
