id	type	x	y	z	theta	gyokaku	range	spotAngle	intensity	color
1	spot	-66.23684210526315	103.5	67.6	0	0	200	45	1.7	0.9042108079741155,0.9226742602757636,0.8102538981251763,1
2	spot	0	103.5	135.9	0	0	200	75	1.7	0.9042108079741155,0.9226742602757636,0.8102538981251763,1
3	spot	33.66842105263157	103.5	86.2	0	0	200	30	1.7	0.9042108079741155,0.9226742602757636,0.8102538981251763,1
3	spot	-51.77894736842104	103.5	154.54736842105262	40	270	200	25	2.0	0.9042108079741155,0.9226742602757636,0.8102538981251763,1
4	spot	5.0	103.5	154.54736842105262	40	270	200	25	2.0	0.9042108079741155,0.9226742602757636,0.8102538981251763,1
5	spot	40.16842105263157	103.5	186.70944000000003	40	0	200	25	2.0	0.9042108079741155,0.9226742602757636,0.8102538981251763,1
6	spot	40.16842105263157	103.5	108.63157894736844	40	0	200	25	2.0	0.9042108079741155,0.9226742602757636,0.8102538981251763,1
7	spot	40.16842105263157	103.5	30.55371789473685	40	0	200	25	2.0	0.9042108079741155,0.9226742602757636,0.8102538981251763,1
8	spot	-20.084210526315786	103.5	106.46981052631578	60	180	200	40	3.6	0.9042108079741155,0.9226742602757636,0.8102538981251763,1
