id	type	x	y	z	theta	gyokaku	range	spotAngle	intensity	color
1	spot	-74.44736842105262	103.5	75.4	0	0	200	60	1.7	0.8486312251811947,0.8187413003101826,0.9423466117244288,1
2	spot	0	103.5	167.1	0	0	200	90	1.7	0.8486312251811947,0.8187413003101826,0.9423466117244288,1
3	spot	41.673684210526304	103.5	101.8	0	0	200	60	1.7	0.8486312251811947,0.8187413003101826,0.9423466117244288,1
3	spot	-57.1157894736842	103.5	186.978947368421	40	270	200	25	2.0	0.8486312251811947,0.8187413003101826,0.9423466117244288,1
4	spot	5.0	103.5	186.978947368421	40	270	200	25	2.0	0.8486312251811947,0.8187413003101826,0.9423466117244288,1
5	spot	48.173684210526304	103.5	214.93295999999995	40	0	200	25	2.0	0.8486312251811947,0.8187413003101826,0.9423466117244288,1
6	spot	48.173684210526304	103.5	125.05263157894734	40	0	200	25	2.0	0.8486312251811947,0.8187413003101826,0.9423466117244288,1
7	spot	48.173684210526304	103.5	35.1723031578947	40	0	200	25	2.0	0.8486312251811947,0.8187413003101826,0.9423466117244288,1
8	spot	-24.086842105263152	103.5	122.56408421052629	60	180	200	40	3.6	0.8486312251811947,0.8187413003101826,0.9423466117244288,1
