id	type	x	y	z	theta	gyokaku	range	spotAngle	intensity	color
1	spot	-148.3421052631579	103.5	145.6	0	0	200	90	1.7	0.938851178982799,0.8646657222515972,0.7192044392766809,1
2	spot	0	103.5	307.5	0	0	200	90	1.7	0.938851178982799,0.8646657222515972,0.7192044392766809,1
3	spot	113.72105263157894	103.5	172.0	0	0	200	90	1.7	0.938851178982799,0.8646657222515972,0.7192044392766809,1
3	spot	-105.14736842105262	103.5	332.9210526315789	40	270	200	25	2.0	0.938851178982799,0.8646657222515972,0.7192044392766809,1
4	spot	5.0	103.5	332.9210526315789	40	270	200	25	2.0	0.938851178982799,0.8646657222515972,0.7192044392766809,1
5	spot	120.22105263157894	103.5	341.93879999999996	40	0	200	25	2.0	0.938851178982799,0.8646657222515972,0.7192044392766809,1
6	spot	120.22105263157894	103.5	198.9473684210526	40	0	200	25	2.0	0.938851178982799,0.8646657222515972,0.7192044392766809,1
7	spot	120.22105263157894	103.5	55.9559368421053	40	0	200	25	2.0	0.938851178982799,0.8646657222515972,0.7192044392766809,1
8	spot	-60.11052631578947	103.5	194.98831578947363	60	180	200	40	3.6	0.938851178982799,0.8646657222515972,0.7192044392766809,1
