id	type	x	y	z	theta	gyokaku	range	spotAngle	intensity	color
1	spot	-58.026315789473685	103.5	59.8	0	0	200	30	1.7	0.7408708822989168,0.8404992492772756,0.8854854538283817,1
2	spot	0	103.5	120.3	0	0	200	60	1.7	0.7408708822989168,0.8404992492772756,0.8854854538283817,1
3	spot	25.66315789473684	103.5	78.4	0	0	200	30	1.7	0.7408708822989168,0.8404992492772756,0.8854854538283817,1
3	spot	-52.87236842105263	103.5	138.3315789473684	40	270	200	25	2.0	0.7408708822989168,0.8404992492772756,0.8854854538283817,1
4	spot	-14.290789473684214	103.5	138.3315789473684	40	270	200	25	2.0	0.7408708822989168,0.8404992492772756,0.8854854538283817,1
5	spot	24.2907894736842	103.5	138.3315789473684	40	270	200	25	2.0	0.7408708822989168,0.8404992492772756,0.8854854538283817,1
6	spot	32.16315789473684	103.5	154.55352315789472	40	0	200	25	2.0	0.7408708822989168,0.8404992492772756,0.8854854538283817,1
7	spot	32.16315789473684	103.5	46.288582105263146	40	0	200	25	2.0	0.7408708822989168,0.8404992492772756,0.8854854538283817,1
8	spot	-16.08157894736842	103.5	98.42267368421051	60	180	200	40	3.6	0.7408708822989168,0.8404992492772756,0.8854854538283817,1
