id	type	x	y	z	theta	gyokaku	range	spotAngle	intensity	color
1	spot	-131.92105263157893	103.5	130.0	0	0	200	90	1.7	0.9554522772527908,0.9598297887243784,0.8495118896175126,1
2	spot	0	103.5	182.7	0	0	200	90	1.7	0.9554522772527908,0.9598297887243784,0.8495118896175126,1
3	spot	97.71052631578945	103.5	109.6	0	0	200	90	1.7	0.9554522772527908,0.9598297887243784,0.8495118896175126,1
3	spot	-94.4736842105263	103.5	203.19473684210527	40	270	200	25	2.0	0.9554522772527908,0.9598297887243784,0.8495118896175126,1
4	spot	5.0	103.5	203.19473684210527	40	270	200	25	2.0	0.9554522772527908,0.9598297887243784,0.8495118896175126,1
5	spot	104.21052631578945	103.5	229.04472	40	0	200	25	2.0	0.9554522772527908,0.9598297887243784,0.8495118896175126,1
6	spot	104.21052631578945	103.5	133.26315789473685	40	0	200	25	2.0	0.9554522772527908,0.9598297887243784,0.8495118896175126,1
7	spot	104.21052631578945	103.5	37.48159578947369	40	0	200	25	2.0	0.9554522772527908,0.9598297887243784,0.8495118896175126,1
8	spot	-52.105263157894726	103.5	130.61122105263158	60	180	200	40	3.6	0.9554522772527908,0.9598297887243784,0.8495118896175126,1
