id	type	x	y	z	theta	gyokaku	range	spotAngle	intensity	color
1	spot	-82.65789473684211	103.5	83.2	0	0	200	75	1.7	0.9647893088319115,0.7719369321535844,0.7676969178631551,1
2	spot	0	103.5	135.9	0	0	200	75	1.7	0.9647893088319115,0.7719369321535844,0.7676969178631551,1
3	spot	49.67894736842106	103.5	86.2	0	0	200	60	1.7	0.9647893088319115,0.7719369321535844,0.7676969178631551,1
3	spot	-75.94315789473686	103.5	154.54736842105262	40	270	200	25	2.0	0.9647893088319115,0.7719369321535844,0.7676969178631551,1
4	spot	-35.47157894736842	103.5	154.54736842105262	40	270	200	25	2.0	0.9647893088319115,0.7719369321535844,0.7676969178631551,1
5	spot	5.0	103.5	154.54736842105262	40	270	200	25	2.0	0.9647893088319115,0.7719369321535844,0.7676969178631551,1
6	spot	45.47157894736844	103.5	154.54736842105262	40	270	200	25	2.0	0.9647893088319115,0.7719369321535844,0.7676969178631551,1
7	spot	56.17894736842106	103.5	108.63157894736842	40	0	200	25	2.0	0.9647893088319115,0.7719369321535844,0.7676969178631551,1
8	spot	-28.08947368421053	103.5	106.46981052631578	60	180	200	40	3.6	0.9647893088319115,0.7719369321535844,0.7676969178631551,1
