id	type	x	y	z	theta	gyokaku	range	spotAngle	intensity	color
1	spot	-82.65789473684211	103.5	83.2	0	0	200	75	1.7	0.91673424485545,0.9341135707225526,0.7998529987048602,1
2	spot	0	103.5	135.9	0	0	200	75	1.7	0.91673424485545,0.9341135707225526,0.7998529987048602,1
3	spot	49.67894736842106	103.5	86.2	0	0	200	75	1.7	0.91673424485545,0.9341135707225526,0.7998529987048602,1
3	spot	-62.452631578947376	103.5	154.54736842105262	40	270	200	25	2.0	0.91673424485545,0.9341135707225526,0.7998529987048602,1
4	spot	5.0	103.5	154.54736842105262	40	270	200	25	2.0	0.91673424485545,0.9341135707225526,0.7998529987048602,1
5	spot	56.17894736842106	103.5	186.70944000000003	40	0	200	25	2.0	0.91673424485545,0.9341135707225526,0.7998529987048602,1
6	spot	56.17894736842106	103.5	108.63157894736844	40	0	200	25	2.0	0.91673424485545,0.9341135707225526,0.7998529987048602,1
7	spot	56.17894736842106	103.5	30.55371789473685	40	0	200	25	2.0	0.91673424485545,0.9341135707225526,0.7998529987048602,1
8	spot	-28.08947368421053	103.5	106.46981052631578	60	180	200	40	3.6	0.91673424485545,0.9341135707225526,0.7998529987048602,1
