id	type	x	y	z	theta	gyokaku	range	spotAngle	intensity	color
1	spot	-189.39473684210526	103.5	184.6	0	0	200	90	1.7	0.9075583779274219,0.9997843104076389,0.7023303608250062,1
2	spot	0	103.5	276.3	0	0	200	90	1.7	0.9075583779274219,0.9997843104076389,0.7023303608250062,1
3	spot	153.74736842105264	103.5	156.4	0	0	200	90	1.7	0.9075583779274219,0.9997843104076389,0.7023303608250062,1
3	spot	-148.93552631578947	103.5	300.48947368421045	40	270	200	25	2.0	0.9075583779274219,0.9997843104076389,0.7023303608250062,1
4	spot	-46.31184210526317	103.5	300.48947368421045	40	270	200	25	2.0	0.9075583779274219,0.9997843104076389,0.7023303608250062,1
5	spot	56.31184210526314	103.5	300.48947368421045	40	270	200	25	2.0	0.9075583779274219,0.9997843104076389,0.7023303608250062,1
6	spot	160.24736842105264	103.5	280.91803894736836	40	0	200	25	2.0	0.9075583779274219,0.9997843104076389,0.7023303608250062,1
7	spot	160.24736842105264	103.5	84.13459263157893	40	0	200	25	2.0	0.9075583779274219,0.9997843104076389,0.7023303608250062,1
8	spot	-80.12368421052632	103.5	178.8940421052631	60	180	200	40	3.6	0.9075583779274219,0.9997843104076389,0.7023303608250062,1
