id	data	x	y	z	theta	size	parent	uniqueCode
1	Images/27289/sec0/sec0_01.jpg,Wooden_thin2	4	7.699999999999999	-15.600000000000001	0,11.09834,0	1.4	1	7
2	Images/27289/sec1/sec1_01.jpg,Wooden_thin2	4	7.699999999999999	-1.7763568394002505e-15	0,11.09834,0	1.4	1	8
3	Images/27289/sec2/sec2_01.jpg,Wooden_thin2	4	7.699999999999999	15.599999999999998	0,11.09834,0	1.4	1	9
4	Images/27289/sec3/sec3_01.jpg,Wooden_thin2	4	7.699999999999999	-23.4	0,11.09834,0	1.4	2	10
5	Images/27289/sec4/sec4_01.jpg,Wooden_thin2	4	7.699999999999999	-7.799999999999999	0,11.09834,0	1.4	2	11
6	Images/27289/sec5/sec5_01.jpg,Wooden_thin2	4	7.699999999999999	7.800000000000001	0,11.09834,0	1.4	2	12
7	Images/27289/sec6/sec6_01.jpg,Wooden_thin2	4	7.699999999999999	23.4	0,11.09834,0	1.4	2	13
8	Images/27289/sec7/sec7_01.jpg,Wooden_thin2	4	7.699999999999999	-15.600000000000001	0,11.09834,0	1.4	3	14
9	Images/27289/sec8/sec8_01.jpg,Wooden_thin2	4	7.699999999999999	-1.7763568394002505e-15	0,11.09834,0	1.4	3	15
