id	data	x	y	z	theta	size	parent	uniqueCode
1	Images/26436/sec0/sec0_01.jpg,Wooden_thin2	4	7.699999999999999	-15.600000000000001	0,11.09834,0	1.4	1	9
2	Images/26436/sec1/sec1_01.jpg,Wooden_thin2	4	7.699999999999999	-1.7763568394002505e-15	0,11.09834,0	1.4	1	10
3	Images/26436/sec2/sec2_01.jpg,Wooden_thin2	4	7.699999999999999	15.599999999999998	0,11.09834,0	1.4	1	11
4	Images/26436/sec3/sec3_01.jpg,Wooden_thin2	4	7.699999999999999	-23.4	0,11.09834,0	1.4	2	12
5	Images/26436/sec4/sec4_01.jpg,Wooden_thin2	4	7.699999999999999	-7.799999999999999	0,11.09834,0	1.4	2	13
6	Images/26436/sec5/sec5_01.jpg,Wooden_thin2	4	7.699999999999999	7.800000000000001	0,11.09834,0	1.4	2	14
7	Images/26436/sec6/sec6_01.jpg,Wooden_thin2	4	7.699999999999999	23.4	0,11.09834,0	1.4	2	15
8	Images/26436/sec7/sec7_01.jpg,Wooden_thin2	4	7.699999999999999	-15.600000000000001	0,11.09834,0	1.4	3	16
9	Images/26436/sec8/sec8_01.jpg,Wooden_thin2	4	7.699999999999999	-1.7763568394002505e-15	0,11.09834,0	1.4	3	17
