id	type	x	y	z	theta	gyokaku	range	spotAngle	intensity	color
1	spot	-107.28947368421052	103.5	106.6	0	0	200	90	1.7	0.7865955339345275,0.707049545146894,0.96458490508622,1
2	spot	0	103.5	135.9	0	0	200	75	1.7	0.7865955339345275,0.707049545146894,0.96458490508622,1
3	spot	73.69473684210527	103.5	86.2	0	0	200	90	1.7	0.7865955339345275,0.707049545146894,0.96458490508622,1
3	spot	-95.15578947368422	103.5	154.54736842105262	40	270	200	25	2.0	0.7865955339345275,0.707049545146894,0.96458490508622,1
4	spot	-45.0778947368421	103.5	154.54736842105262	40	270	200	25	2.0	0.7865955339345275,0.707049545146894,0.96458490508622,1
5	spot	5.000000000000014	103.5	154.54736842105262	40	270	200	25	2.0	0.7865955339345275,0.707049545146894,0.96458490508622,1
6	spot	55.077894736842126	103.5	154.54736842105262	40	270	200	25	2.0	0.7865955339345275,0.707049545146894,0.96458490508622,1
7	spot	80.19473684210527	103.5	108.63157894736842	40	0	200	25	2.0	0.7865955339345275,0.707049545146894,0.96458490508622,1
8	spot	-40.097368421052636	103.5	106.46981052631578	60	180	200	40	3.6	0.7865955339345275,0.707049545146894,0.96458490508622,1
