id	type	x	y	z	theta	gyokaku	range	spotAngle	intensity	color
1	spot	-123.71052631578948	103.5	122.2	0	0	200	90	1.7	0.9096900376389732,0.8725011748699737,0.7954023148789787,1
2	spot	0	103.5	213.9	0	0	200	90	1.7	0.9096900376389732,0.8725011748699737,0.7954023148789787,1
3	spot	89.70526315789473	103.5	125.2	0	0	200	90	1.7	0.9096900376389732,0.8725011748699737,0.7954023148789787,1
3	spot	-100.90394736842106	103.5	235.62631578947367	40	270	200	25	2.0	0.9096900376389732,0.8725011748699737,0.7954023148789787,1
4	spot	-30.301315789473676	103.5	235.62631578947367	40	270	200	25	2.0	0.9096900376389732,0.8725011748699737,0.7954023148789787,1
5	spot	40.301315789473705	103.5	235.62631578947367	40	270	200	25	2.0	0.9096900376389732,0.8725011748699737,0.7954023148789787,1
6	spot	96.20526315789473	103.5	230.37223263157892	40	0	200	25	2.0	0.9096900376389732,0.8725011748699737,0.7954023148789787,1
7	spot	96.20526315789473	103.5	68.99618842105264	40	0	200	25	2.0	0.9096900376389732,0.8725011748699737,0.7954023148789787,1
8	spot	-48.10263157894737	103.5	146.70549473684207	60	180	200	40	3.6	0.9096900376389732,0.8725011748699737,0.7954023148789787,1
