id	type	x	y	z	theta	gyokaku	range	spotAngle	intensity	color
1	spot	-74.44736842105262	103.5	75.4	0	0	200	60	1.7	0.8790877769707397,0.809174926560273,0.9939116277607525,1
2	spot	0	103.5	120.3	0	0	200	60	1.7	0.8790877769707397,0.809174926560273,0.9939116277607525,1
3	spot	41.673684210526304	103.5	78.4	0	0	200	30	1.7	0.8790877769707397,0.809174926560273,0.9939116277607525,1
3	spot	-57.1157894736842	103.5	138.3315789473684	40	270	200	25	2.0	0.8790877769707397,0.809174926560273,0.9939116277607525,1
4	spot	5.0	103.5	138.3315789473684	40	270	200	25	2.0	0.8790877769707397,0.809174926560273,0.9939116277607525,1
5	spot	48.173684210526304	103.5	172.59767999999997	40	0	200	25	2.0	0.8790877769707397,0.809174926560273,0.9939116277607525,1
6	spot	48.173684210526304	103.5	100.42105263157893	40	0	200	25	2.0	0.8790877769707397,0.809174926560273,0.9939116277607525,1
7	spot	48.173684210526304	103.5	28.244425263157865	40	0	200	25	2.0	0.8790877769707397,0.809174926560273,0.9939116277607525,1
8	spot	-24.086842105263152	103.5	98.42267368421051	60	180	200	40	3.6	0.8790877769707397,0.809174926560273,0.9939116277607525,1
