ID	data	wallCenter	wallRight	wallUp	wallFront	x	y	z	size	frameTitle	parent	uniqueCode
1	./Images/27515/title_panel.png	-102.36842105263158,28.656,30	0,0,1	0,1,0	-1,0,0	0	-2.443498	0.2	1.4	none(caption)	4:3	22
1	./Images/27515/word_cloud.png	-124.18421052631578,38,99.41684210526314	0,0,1	0,1,0	-1,0,0	69.5917894736842	5	0.2	2.5	Wooden_thin2	-1:-1	23
1	./Images/27515/Takachiho Railway Bridge.jpg	-124.18421052631578,38,98.42267368421051	0,0,1	0,1,0	-1,0,0	0	5	0.2	5.6	Wooden_thin2	-1:-1	23
1	./Images/27515/caption/caption0.png	-124.18421052631578,38,98.42267368421051	0,0,1	0,1,0	-1,0,0	35	-2	1	0.8	Wooden_thin2	-1:-1	23
3	./Images/27515/takachiho-bentou.jpg	0,38,198.3315789473684	1,0,0	0,1,0	0,0,1	-49.59210526315789	-10	0.2	4.5	Wooden_thin	-1:-1	3
4	./Images/27515/caption/caption1.png	0,38,198.3315789473684	1,0,0	0,1,0	0,0,1	-27.59210526315789	-20	1.5	0.7	none(caption)	-1:-1	4
5	Images/27515/table/fixed_未開業区間.png	124.18421052631578,38,100.42105263157893	0,0,-1	0,1,0	1,0,0	72.17662736842104	-10	0.2	3.1500000000000004	Wooden_thin	-1:-1	5
6	Images/27515/table/fixed_輸送・収支実績.png	124.18421052631578,38,100.42105263157893	0,0,-1	0,1,0	1,0,0	0.0	-10	0.2	3.3468750000000003	Wooden_thin	-1:-1	6
7	Images/27515/table/fixed_開業区間.png	124.18421052631578,38,100.42105263157893	0,0,-1	0,1,0	1,0,0	-72.17662736842107	-10	0.2	6.6937500000000005	Wooden_thin	-1:-1	7
