id	type	x	y	z	theta	gyokaku	range	spotAngle	intensity	color
1	spot	-82.65789473684211	103.5	83.2	0	0	200	75	1.7	0.9291853547976294,0.8343880126394286,0.7306012929199297,1
2	spot	0	103.5	135.9	0	0	200	75	1.7	0.9291853547976294,0.8343880126394286,0.7306012929199297,1
3	spot	49.67894736842106	103.5	86.2	0	0	200	45	1.7	0.9291853547976294,0.8343880126394286,0.7306012929199297,1
3	spot	-70.8842105263158	103.5	154.54736842105262	40	270	200	25	2.0	0.9291853547976294,0.8343880126394286,0.7306012929199297,1
4	spot	-20.294736842105266	103.5	154.54736842105262	40	270	200	25	2.0	0.9291853547976294,0.8343880126394286,0.7306012929199297,1
5	spot	30.294736842105266	103.5	154.54736842105262	40	270	200	25	2.0	0.9291853547976294,0.8343880126394286,0.7306012929199297,1
6	spot	56.17894736842106	103.5	167.18997473684212	40	0	200	25	2.0	0.9291853547976294,0.8343880126394286,0.7306012929199297,1
7	spot	56.17894736842106	103.5	50.07318315789473	40	0	200	25	2.0	0.9291853547976294,0.8343880126394286,0.7306012929199297,1
8	spot	-28.08947368421053	103.5	106.46981052631578	60	180	200	40	3.6	0.9291853547976294,0.8343880126394286,0.7306012929199297,1
