id	type	x	y	z	theta	gyokaku	range	spotAngle	intensity	color
1	spot	-58.026315789473685	103.5	59.8	0	0	200	30	1.7	0.9477976457439896,0.8469205018756751,0.9143914834435771,1
2	spot	0	103.5	135.9	0	0	200	75	1.7	0.9477976457439896,0.8469205018756751,0.9143914834435771,1
3	spot	25.66315789473684	103.5	86.2	0	0	200	30	1.7	0.9477976457439896,0.8469205018756751,0.9143914834435771,1
3	spot	-46.4421052631579	103.5	154.54736842105262	40	270	200	25	2.0	0.9477976457439896,0.8469205018756751,0.9143914834435771,1
4	spot	5.0	103.5	154.54736842105262	40	270	200	25	2.0	0.9477976457439896,0.8469205018756751,0.9143914834435771,1
5	spot	32.16315789473684	103.5	186.70944000000003	40	0	200	25	2.0	0.9477976457439896,0.8469205018756751,0.9143914834435771,1
6	spot	32.16315789473684	103.5	108.63157894736844	40	0	200	25	2.0	0.9477976457439896,0.8469205018756751,0.9143914834435771,1
7	spot	32.16315789473684	103.5	30.55371789473685	40	0	200	25	2.0	0.9477976457439896,0.8469205018756751,0.9143914834435771,1
8	spot	-16.08157894736842	103.5	106.46981052631578	60	180	200	40	3.6	0.9477976457439896,0.8469205018756751,0.9143914834435771,1
