id	type	x	y	z	theta	gyokaku	range	spotAngle	intensity	color
1	spot	-115.5	103.5	114.4	0	0	200	90	1.7	0.8998957334493907,0.9366933372458122,0.8299265856391627,1
2	spot	0	103.5	198.3	0	0	200	90	1.7	0.8998957334493907,0.9366933372458122,0.8299265856391627,1
3	spot	81.69999999999999	103.5	117.4	0	0	200	90	1.7	0.8998957334493907,0.9366933372458122,0.8299265856391627,1
3	spot	-94.89999999999999	103.5	219.41052631578953	40	270	200	25	2.0	0.8998957334493907,0.9366933372458122,0.8299265856391627,1
4	spot	-28.299999999999997	103.5	219.41052631578953	40	270	200	25	2.0	0.8998957334493907,0.9366933372458122,0.8299265856391627,1
5	spot	38.30000000000001	103.5	219.41052631578953	40	270	200	25	2.0	0.8998957334493907,0.9366933372458122,0.8299265856391627,1
6	spot	88.19999999999999	103.5	217.73578105263158	40	0	200	25	2.0	0.8998957334493907,0.9366933372458122,0.8299265856391627,1
7	spot	88.19999999999999	103.5	65.21158736842108	40	0	200	25	2.0	0.8998957334493907,0.9366933372458122,0.8299265856391627,1
8	spot	-44.099999999999994	103.5	138.65835789473684	60	180	200	40	3.6	0.8998957334493907,0.9366933372458122,0.8299265856391627,1
