id	type	x	y	z	theta	gyokaku	range	spotAngle	intensity	color
1	spot	-90.86842105263158	103.5	91.0	0	0	200	90	1.7	0.8688022246979029,0.7936681047074431,0.7105592320766297,1
2	spot	0	103.5	120.3	0	0	200	60	1.7	0.8688022246979029,0.7936681047074431,0.7105592320766297,1
3	spot	57.68421052631578	103.5	78.4	0	0	200	45	1.7	0.8688022246979029,0.7936681047074431,0.7105592320766297,1
3	spot	-67.78947368421052	103.5	138.3315789473684	40	270	200	25	2.0	0.8688022246979029,0.7936681047074431,0.7105592320766297,1
4	spot	5.0	103.5	138.3315789473684	40	270	200	25	2.0	0.8688022246979029,0.7936681047074431,0.7105592320766297,1
5	spot	64.18421052631578	103.5	172.59767999999997	40	0	200	25	2.0	0.8688022246979029,0.7936681047074431,0.7105592320766297,1
6	spot	64.18421052631578	103.5	100.42105263157893	40	0	200	25	2.0	0.8688022246979029,0.7936681047074431,0.7105592320766297,1
7	spot	64.18421052631578	103.5	28.244425263157865	40	0	200	25	2.0	0.8688022246979029,0.7936681047074431,0.7105592320766297,1
8	spot	-32.09210526315789	103.5	98.42267368421051	60	180	200	40	3.6	0.8688022246979029,0.7936681047074431,0.7105592320766297,1
