id	type	x	y	z	theta	gyokaku	range	spotAngle	intensity	color
1	spot	-156.55263157894734	103.5	153.4	0	0	200	90	1.7	0.9606903109160878,0.8624321652058975,0.7352608695358721,1
2	spot	0	103.5	307.5	0	0	200	90	1.7	0.9606903109160878,0.8624321652058975,0.7352608695358721,1
3	spot	121.72631578947366	103.5	172.0	0	0	200	90	1.7	0.9606903109160878,0.8624321652058975,0.7352608695358721,1
3	spot	-124.91973684210524	103.5	332.9210526315789	40	270	200	25	2.0	0.9606903109160878,0.8624321652058975,0.7352608695358721,1
4	spot	-38.30657894736842	103.5	332.9210526315789	40	270	200	25	2.0	0.9606903109160878,0.8624321652058975,0.7352608695358721,1
5	spot	48.30657894736842	103.5	332.9210526315789	40	270	200	25	2.0	0.9606903109160878,0.8624321652058975,0.7352608695358721,1
6	spot	128.22631578947366	103.5	306.1909421052631	40	0	200	25	2.0	0.9606903109160878,0.8624321652058975,0.7352608695358721,1
7	spot	128.22631578947366	103.5	91.7037947368421	40	0	200	25	2.0	0.9606903109160878,0.8624321652058975,0.7352608695358721,1
8	spot	-64.11315789473683	103.5	194.98831578947363	60	180	200	40	3.6	0.9606903109160878,0.8624321652058975,0.7352608695358721,1
