id	data	x	y	z	theta	size	parent	uniqueCode
1	Images/26687/sec0/sec0_01.jpg,Wooden_thin2	4	7.699999999999999	-7.8000000000000025	0,11.09834,0	1.4	1	11
2	Images/26687/sec1/sec1_01.jpg,Wooden_thin2	4	7.699999999999999	7.799999999999997	0,11.09834,0	1.4	1	12
3	Images/26687/sec2/sec2_01.jpg,Wooden_thin2	4	7.699999999999999	-31.200000000000003	0,11.09834,0	1.4	2	13
4	Images/26687/sec3/sec3_01.jpg,Wooden_thin2	4	7.699999999999999	-15.600000000000003	0,11.09834,0	1.4	2	14
5	Images/26687/sec3/sec3_02.jpg,Wooden_thin2	4	7.699999999999999	-3.552713678800501e-15	0,11.09834,0	1.4	2	15
6	Images/26687/sec4/sec4_01.jpg,Wooden_thin2	4	7.699999999999999	15.599999999999994	0,11.09834,0	1.4	2	16
7	Images/26687/sec4/sec4_02.jpg,Wooden_thin2	4	7.699999999999999	31.199999999999996	0,11.09834,0	1.4	2	17
8	Images/26687/sec5/sec5_01.jpg,Wooden_thin2	4	7.699999999999999	-7.8000000000000025	0,11.09834,0	1.4	3	18
9	Images/26687/sec6/sec6_01.jpg,Wooden_thin2	4	7.699999999999999	7.799999999999997	0,11.09834,0	1.4	3	19
