id	type	x	y	z	theta	gyokaku	range	spotAngle	intensity	color
1	spot	-140.1315789473684	103.5	137.8	0	0	200	90	1.7	0.89043331048881,0.7605890883431394,0.9801789883054499,1
2	spot	0	103.5	151.5	0	0	200	90	1.7	0.89043331048881,0.7605890883431394,0.9801789883054499,1
3	spot	105.7157894736842	103.5	94.0	0	0	200	90	1.7	0.89043331048881,0.7605890883431394,0.9801789883054499,1
3	spot	-120.77263157894735	103.5	170.7631578947368	40	270	200	25	2.0	0.89043331048881,0.7605890883431394,0.9801789883054499,1
4	spot	-57.886315789473684	103.5	170.7631578947368	40	270	200	25	2.0	0.89043331048881,0.7605890883431394,0.9801789883054499,1
5	spot	5.0	103.5	170.7631578947368	40	270	200	25	2.0	0.89043331048881,0.7605890883431394,0.9801789883054499,1
6	spot	67.88631578947366	103.5	170.7631578947368	40	270	200	25	2.0	0.89043331048881,0.7605890883431394,0.9801789883054499,1
7	spot	112.2157894736842	103.5	116.84210526315788	40	0	200	25	2.0	0.89043331048881,0.7605890883431394,0.9801789883054499,1
8	spot	-56.1078947368421	103.5	114.51694736842103	60	180	200	40	3.6	0.89043331048881,0.7605890883431394,0.9801789883054499,1
