ID	data	wallCenter	wallRight	wallUp	wallFront	x	y	z	size	frameTitle	parent	uniqueCode
1	./Images/26624/title_panel.png	-135.21052631578948,28.656,30	0,0,1	0,1,0	-1,0,0	0	-2.443498	0.2	1.4	none(caption)	4:3	22
1	./Images/26624/word_cloud.png	-156.20526315789473,38,148.1873684210526	0,0,1	0,1,0	-1,0,0	103.73115789473682	5	0.2	2.5	Wooden_thin2	-1:-1	23
1	./Images/26624/Johann Sebastian Bach.png	-156.20526315789473,38,146.70549473684207	0,0,1	0,1,0	-1,0,0	0	5	0.2	5.6	Wooden_thin2	-1:-1	23
3	./Images/26624/JSBWohnorte.png	0,38,295.62631578947367	1,0,0	0,1,0	0,0,1	-65.60263157894737	-10	0.2	4.5	Wooden_thin	-1:-1	3
4	./Images/26624/caption/caption1.png	0,38,295.62631578947367	1,0,0	0,1,0	0,0,1	-43.60263157894737	-20	1.5	0.7	none(caption)	-1:-1	4
5	./Images/26624/Georgenkirche von Norden Eisenach 20191004 010.jpg	156.20526315789473,38,149.68421052631578	0,0,-1	0,1,0	1,0,0	80.68802210526314	-10	0.2	4.5	Wooden_thin	-1:-1	5
6	./Images/26624/caption/caption2.png	156.20526315789473,38,149.68421052631578	0,0,-1	0,1,0	1,0,0	102.68802210526314	-20	1.5	0.7	none(caption)	-1:-1	6
7	./Images/26624/Bachkirche Arnstadt.JPG	156.20526315789473,38,149.68421052631578	0,0,-1	0,1,0	1,0,0	-80.68802210526314	-10	0.2	4.5	Wooden_thin	-1:-1	7
8	./Images/26624/caption/caption3.png	156.20526315789473,38,149.68421052631578	0,0,-1	0,1,0	1,0,0	-58.688022105263144	-20	1.5	0.7	none(caption)	-1:-1	8
