id	type	x	y	z	theta	gyokaku	range	spotAngle	intensity	color
1	spot	-172.9736842105263	103.5	169.0	0	0	200	90	1.7	0.9132310876533134,0.9900369159637512,0.9520379938197601,1
2	spot	0	103.5	307.5	0	0	200	90	1.7	0.9132310876533134,0.9900369159637512,0.9520379938197601,1
3	spot	137.73684210526315	103.5	172.0	0	0	200	90	1.7	0.9132310876533134,0.9900369159637512,0.9520379938197601,1
3	spot	-121.15789473684211	103.5	332.9210526315789	40	270	200	25	2.0	0.9132310876533134,0.9900369159637512,0.9520379938197601,1
4	spot	5.0	103.5	332.9210526315789	40	270	200	25	2.0	0.9132310876533134,0.9900369159637512,0.9520379938197601,1
5	spot	144.23684210526315	103.5	341.93879999999996	40	0	200	25	2.0	0.9132310876533134,0.9900369159637512,0.9520379938197601,1
6	spot	144.23684210526315	103.5	198.9473684210526	40	0	200	25	2.0	0.9132310876533134,0.9900369159637512,0.9520379938197601,1
7	spot	144.23684210526315	103.5	55.9559368421053	40	0	200	25	2.0	0.9132310876533134,0.9900369159637512,0.9520379938197601,1
8	spot	-72.11842105263158	103.5	194.98831578947363	60	180	200	40	3.6	0.9132310876533134,0.9900369159637512,0.9520379938197601,1
