id	type	x	y	z	theta	gyokaku	range	spotAngle	intensity	color
1	spot	-123.71052631578948	103.5	122.2	0	0	200	90	1.7	0.934944300933407,0.9218930936784868,0.7796363190340412,1
2	spot	0	103.5	213.9	0	0	200	90	1.7	0.934944300933407,0.9218930936784868,0.7796363190340412,1
3	spot	89.70526315789473	103.5	125.2	0	0	200	90	1.7	0.934944300933407,0.9218930936784868,0.7796363190340412,1
3	spot	-107.96421052631578	103.5	235.62631578947367	40	270	200	25	2.0	0.934944300933407,0.9218930936784868,0.7796363190340412,1
4	spot	-51.482105263157905	103.5	235.62631578947367	40	270	200	25	2.0	0.934944300933407,0.9218930936784868,0.7796363190340412,1
5	spot	4.999999999999972	103.5	235.62631578947367	40	270	200	25	2.0	0.934944300933407,0.9218930936784868,0.7796363190340412,1
6	spot	61.48210526315788	103.5	235.62631578947367	40	270	200	25	2.0	0.934944300933407,0.9218930936784868,0.7796363190340412,1
7	spot	96.20526315789473	103.5	149.68421052631578	40	0	200	25	2.0	0.934944300933407,0.9218930936784868,0.7796363190340412,1
8	spot	-48.10263157894737	103.5	146.70549473684207	60	180	200	40	3.6	0.934944300933407,0.9218930936784868,0.7796363190340412,1
