id	type	x	y	z	theta	gyokaku	range	spotAngle	intensity	color
1	spot	-82.65789473684211	103.5	83.2	0	0	200	75	1.7	0.8682219982279669,0.8472228945747154,0.9664732909022699,1
2	spot	0	103.5	182.7	0	0	200	90	1.7	0.8682219982279669,0.8472228945747154,0.9664732909022699,1
3	spot	49.67894736842106	103.5	109.6	0	0	200	75	1.7	0.8682219982279669,0.8472228945747154,0.9664732909022699,1
3	spot	-62.452631578947376	103.5	203.19473684210527	40	270	200	25	2.0	0.8682219982279669,0.8472228945747154,0.9664732909022699,1
4	spot	5.0	103.5	203.19473684210527	40	270	200	25	2.0	0.8682219982279669,0.8472228945747154,0.9664732909022699,1
5	spot	56.17894736842106	103.5	229.04472	40	0	200	25	2.0	0.8682219982279669,0.8472228945747154,0.9664732909022699,1
6	spot	56.17894736842106	103.5	133.26315789473685	40	0	200	25	2.0	0.8682219982279669,0.8472228945747154,0.9664732909022699,1
7	spot	56.17894736842106	103.5	37.48159578947369	40	0	200	25	2.0	0.8682219982279669,0.8472228945747154,0.9664732909022699,1
8	spot	-28.08947368421053	103.5	130.61122105263158	60	180	200	40	3.6	0.8682219982279669,0.8472228945747154,0.9664732909022699,1
