id	type	x	y	z	theta	gyokaku	range	spotAngle	intensity	color
1	spot	-82.65789473684211	103.5	83.2	0	0	200	75	1.7	0.8361630627035279,0.7146302056090625,0.7941625190560566,1
2	spot	0	103.5	104.7	0	0	200	45	1.7	0.8361630627035279,0.7146302056090625,0.7941625190560566,1
3	spot	49.67894736842106	103.5	70.6	0	0	200	30	1.7	0.8361630627035279,0.7146302056090625,0.7941625190560566,1
3	spot	-62.452631578947376	103.5	122.11578947368417	40	270	200	25	2.0	0.8361630627035279,0.7146302056090625,0.7941625190560566,1
4	spot	5.0	103.5	122.11578947368417	40	270	200	25	2.0	0.8361630627035279,0.7146302056090625,0.7941625190560566,1
5	spot	56.17894736842106	103.5	158.48591999999996	40	0	200	25	2.0	0.8361630627035279,0.7146302056090625,0.7941625190560566,1
6	spot	56.17894736842106	103.5	92.21052631578945	40	0	200	25	2.0	0.8361630627035279,0.7146302056090625,0.7941625190560566,1
7	spot	56.17894736842106	103.5	25.93513263157891	40	0	200	25	2.0	0.8361630627035279,0.7146302056090625,0.7941625190560566,1
8	spot	-28.08947368421053	103.5	90.37553684210525	60	180	200	40	3.6	0.8361630627035279,0.7146302056090625,0.7941625190560566,1
